# unix_time, cycles_done, cur_path, paths_total, pending_total, pending_favs, map_size, unique_crashes, unique_hangs, max_depth, execs_per_sec
1606351164, 0, 0, 3, 3, 1, 0.19%, 0, 0, 1, 4.68
1606351680, 0, 0, 4, 4, 1, 0.19%, 0, 0, 2, 4.11
1606351691, 0, 0, 5, 5, 1, 0.19%, 0, 1, 2, 4.79
1606351717, 0, 0, 6, 6, 1, 0.19%, 1, 2, 2, 4.82
1606351722, 0, 0, 7, 7, 1, 0.19%, 1, 2, 2, 5.68
1606351743, 0, 0, 7, 7, 1, 0.19%, 2, 2, 2, 4.53
1606351784, 0, 0, 10, 10, 1, 0.19%, 2, 2, 2, 4.26
1606351789, 0, 0, 12, 12, 1, 0.20%, 2, 2, 2, 4.23
1606351794, 0, 0, 14, 14, 1, 0.20%, 2, 2, 2, 4.00
1606351799, 0, 0, 15, 15, 1, 0.20%, 2, 2, 2, 3.41
1606351804, 0, 0, 17, 17, 1, 0.20%, 2, 2, 2, 3.74
1606351809, 0, 0, 18, 18, 1, 0.20%, 2, 2, 2, 3.77
1606351820, 0, 0, 18, 18, 1, 0.20%, 2, 3, 2, 2.55
1606351830, 0, 0, 20, 20, 1, 0.20%, 2, 3, 2, 3.36
1606351836, 0, 0, 20, 20, 1, 0.20%, 3, 3, 2, 4.39
1606351856, 0, 0, 21, 21, 1, 0.20%, 3, 3, 2, 2.86
1606351861, 0, 0, 23, 23, 1, 0.20%, 3, 3, 2, 6.57
1606351918, 0, 0, 23, 23, 1, 0.20%, 3, 4, 2, 3.64
